0.0000
0.7071
0.9999
0.7071
0.0000
-0.7071
-0.9999
-0.7071
-0.0000
0.7071
0.9999
0.7071
0.0000
-0.7071
-0.9999
-0.7071
-0.0000
0.7071
0.9999
0.7071
0.0000
-0.7071
-0.9999
-0.7071
-0.0000
0.7071
0.9999
0.7071
0.0000
-0.7071
-0.9999
-0.7071
-0.0000
0.7071
0.9999
0.7071
-0.0000
-0.7071
-0.9999
-0.7071
0.0000
0.7071
0.9999
0.7071
0.0000
-0.7071
-0.9999
-0.7071
0.0000
0.7071
0.9999
0.7071
-0.0000
-0.7071
-0.9999
-0.7071
0.0000
0.7071
0.9999
0.7071
-0.0000
-0.7071
-0.9999
-0.7071
0.0000
0.7071
0.9999
0.7071
-0.0000
-0.7071
-0.9999
-0.7071
0.0000
0.7071
0.9999
0.7071
-0.0000
-0.7071
-0.9999
-0.7071
0.0000
0.7071
0.9999
0.7071
-0.0000
-0.7071
-0.9999
-0.7071
0.0000
0.7071
0.9999
0.7071
0.0000
-0.7071
-0.9999
-0.7071
0.0000
0.7071
0.9999
0.7071
0.0000
-0.7071
-0.9999
-0.7071
0.0000
0.7071
0.9999
0.7071
0.0000
-0.7071
-0.9999
-0.7071
-0.0000
0.7071
0.9999
0.7071
0.0000
-0.7071
-0.9999
-0.7071
-0.0000
0.7071
0.9999
0.7071
0.0000
-0.7071
-0.9999
-0.7071
-0.0000
0.7071
0.9999
0.7071
0.0000
-0.7071
-0.9999
-0.7071
-0.0000
0.7071
0.9999
0.7071
0.0000
-0.7071
-0.9999
-0.7071
-0.0000
0.7071
0.9999
0.7071
0.0000
-0.7071
-0.9999
-0.7071
-0.0000
0.7071
0.9999
0.7071
0.0000
-0.7071
-0.9999
-0.7071
-0.0000
0.7071
0.9999
0.7071
0.0000
-0.7071
-0.9999
-0.7071
-0.0000
0.7071
0.9999
0.7071
0.0000
-0.7071
-0.9999
-0.7071
-0.0000
0.7071
0.9999
0.7071
0.0000
-0.7071
-0.9999
-0.7071
-0.0000
0.7071
0.9999
0.7071
0.0000
-0.7071
-0.9999
-0.7071
-0.0000
0.7071
0.9999
0.7071
0.0000
-0.7071
-0.9999
-0.7071
-0.0000
0.7071
0.9999
0.7071
0.0000
-0.7071
-0.9999
-0.7071
-0.0000
0.7071
0.9999
0.7071
0.0000
-0.7071
-0.9999
-0.7071
-0.0001
0.7071
0.9999
0.7071
0.0001
-0.7071
-0.9999
-0.7071
-0.0001
0.7071
0.9999
0.7071
0.0001
-0.7071
-0.9999
-0.7071
-0.0001
0.7071
0.9999
0.7071
0.0001
-0.7071
-0.9999
-0.7071
-0.0001
0.7071
0.9999
0.7071
0.0001
-0.7071
-0.9999
-0.7071
-0.0001
0.7071
0.9999
0.7071
0.0001
-0.7071
-0.9999
-0.7072
-0.0001
0.7071
0.9999
0.7072
0.0001
-0.7071
-0.9999
-0.7072
-0.0001
0.7071
0.9999
0.7072
0.0001
-0.7071
-0.9999
-0.7072
-0.0001
0.7071
0.9999
0.7072
0.0001
-0.7071
-0.9999
-0.7072
-0.0001
0.7071
0.9999
0.7072
0.0001
-0.7071
-0.9999
-0.7072
-0.0001
0.7071
0.9999
0.7072
0.0001
-0.7070
-0.9999
-0.7072
-0.0001
0.7071
0.9999
0.7072
0.0001
-0.7070
-0.9999
-0.7072
-0.0001
0.7071
0.9999
0.7072
0.0001
-0.7070
-0.9999
-0.7072
-0.0001
0.7071
0.9999
0.7072
0.0001
-0.7070
-0.9999
-0.7072
-0.0001
0.7071
0.9999
0.7072
0.0001
-0.7070
-0.9999
-0.7072
-0.0001
0.7071
0.9999
0.7072
0.0001
-0.7070
-0.9999
-0.7072
-0.0001
0.7071
0.9999
0.7072
0.0001
-0.7070
-0.9999
-0.7072
-0.0001
0.7071
0.9999
0.7072
0.0001
-0.7070
-0.9999
-0.7072
-0.0001
0.7070
0.9999
0.7072
0.0001
-0.7070
-0.9999
-0.7072
-0.0001
0.7070
0.9999
0.7072
0.0001
-0.7070
-0.9999
-0.7072
-0.0001
0.7070
0.9999
0.7072
0.0001
-0.7070
-0.9999
-0.7072
-0.0001
0.7070
0.9999
0.7072
0.0001
-0.7070
-0.9999
-0.7072
-0.0001
0.7070
0.9999
0.7072
0.0001
-0.7070
-0.9999
-0.7072
-0.0001
0.7070
0.9999
0.7072
0.0001
-0.7070
-0.9999
-0.7072
-0.0001
0.7070
0.9999
0.7072
0.0001
-0.7070
-0.9999
-0.7072
-0.0001
0.7070
0.9999
0.7072
0.0001
-0.7070
-0.9999
-0.7072
-0.0001
0.7070
0.9999
0.7072
0.0001
-0.7070
-0.9999
-0.7072
-0.0001
0.7070
0.9999
0.7072
0.0001
-0.7070
-0.9999
-0.7072
-0.0001
0.7070
0.9999
0.7072
0.0001
-0.7070
-0.9999
-0.7072
-0.0001
0.7070
0.9999
0.7072
0.0001
-0.7070
-0.9999
-0.7072
-0.0001
0.7070
0.9999
0.7072
0.0001
-0.7070
-0.9999
-0.7072
-0.0001
0.7070
0.9999
0.7072
0.0001
-0.7070
-0.9999
-0.7072
-0.0001
0.7070
0.9999
0.7072
0.0001
-0.7070
-0.9999
-0.7072
-0.0001
0.7070
0.9999
0.7072
0.0001
-0.7070
-0.9999
-0.7072
-0.0001
0.7070
0.9999
0.7072
0.0001
-0.7070
-0.9999
-0.7072
-0.0001
0.7070
0.9999
0.7072
0.0001
-0.7070
-0.9999
-0.7072
-0.0001
0.7070
0.9999
0.7072
0.0001
-0.7070
-0.9999
-0.7072
-0.0001
0.7070
0.9999
0.7072
0.0002
-0.7070
-0.9999
-0.7072
-0.0002
0.7070
0.9999
0.7072
0.0002
-0.7070
-0.9999
-0.7072
-0.0002
0.7070
0.9999
0.7072
0.0002
-0.7070
-0.9999
-0.7072
-0.0002
0.7070
0.9999
0.7072
0.0002
-0.7070
-0.9999
-0.7072
-0.0002
0.7070
0.9999
0.7072
0.0002
-0.7070
-0.9999
-0.7072
-0.0002
0.7070
0.9999
0.7072
0.0002
-0.7070
-0.9999
-0.7072
-0.0002
0.7070
0.9999
0.7072
0.0002
-0.7070
-0.9999
-0.7072
-0.0002
0.7070
0.9999
0.7072
0.0002
-0.7070
-0.9999
-0.7072
-0.0002
0.7070
0.9999
0.7072
0.0002
-0.7070
-0.9999
-0.7072
-0.0002
0.7070
0.9999
0.7072
0.0002
-0.7070
-0.9999
-0.7072
-0.0002
0.7070
0.9999
0.7073
0.0002
-0.7070
-0.9999
-0.7073
-0.0002
0.7070
0.9999
0.7073
0.0002
-0.7070
-0.9999
-0.7073
-0.0002
0.7070
0.9999
0.7073
0.0002
-0.7070
-0.9999
-0.7073
-0.0002
0.7070
0.9999
0.7073
0.0002
-0.7070
-0.9999
-0.7073
-0.0002
0.7070
0.9999
0.7073
0.0002
-0.7070
-0.9999
-0.7073
-0.0002
0.7070
0.9999
0.7073
0.0002
-0.7070
-0.9999
-0.7073
-0.0002
0.7070
0.9999
0.7073
0.0002
-0.7070
-0.9999
-0.7073
-0.0002
0.7070
0.9999
0.7073
0.0002
-0.7070
-0.9999
-0.7073
-0.0002
0.7070
0.9999
0.7073
0.0002
-0.7070
-0.9999
-0.7073
-0.0002
0.7070
0.9999
0.7073
0.0002
-0.7070
-0.9999
-0.7073
-0.0002
0.7070
0.9999
0.7073
0.0002
-0.7070
-0.9999
-0.7073
-0.0002
0.7070
0.9999
0.7073
0.0002
-0.7070
-0.9999
-0.7073
-0.0002
0.7070
0.9999
0.7073
0.0002
-0.7070
-0.9999
-0.7073
-0.0002
0.7070
0.9999
0.7073
0.0002
-0.7070
-0.9999
-0.7073
-0.0002
0.7070
0.9999
0.7073
0.0002
-0.7070
-0.9999
-0.7073
-0.0003
0.7069
0.9999
0.7073
0.0003
-0.7069
-0.9999
-0.7073
-0.0003
0.7069
0.9999
0.7073
0.0003
-0.7069
-0.9999
-0.7073
-0.0003
0.7069
0.9999
0.7073
0.0003
-0.7069
-0.9999
-0.7073
-0.0003
0.7069
0.9999
0.7073
0.0003
-0.7069
-0.9999
-0.7073
-0.0003
0.7069
0.9999
0.7073
0.0003
-0.7069
-0.9999
-0.7073
-0.0003
0.7069
0.9999
0.7073
0.0003
-0.7069
-0.9999
-0.7073
-0.0003
0.7069
0.9999
0.7073
0.0003
-0.7069
-0.9999
-0.7073
-0.0003
0.7069
0.9999
0.7073
0.0003
-0.7069
-0.9999
-0.7073
-0.0003
0.7069
0.9999
0.7073
0.0003
-0.7069
-0.9999
-0.7073
-0.0003
0.7069
0.9999
0.7073
0.0003
-0.7069
-0.9999
-0.7073
-0.0003
0.7069
0.9999
0.7073
0.0003
-0.7069
-0.9999
-0.7073
-0.0003
0.7069
0.9999
0.7073
0.0003
-0.7069
-0.9999
-0.7073
-0.0003
0.7069
0.9999
0.7073
0.0003
-0.7069
-0.9999
-0.7073
-0.0003
0.7069
0.9999
0.7073
0.0003
-0.7069
-0.9999
-0.7073
-0.0003
0.7069
0.9999
0.7073
0.0003
-0.7069
-0.9999
-0.7073
-0.0003
0.7069
0.9999
0.7073
0.0003
-0.7069
-0.9999
-0.7073
-0.0003
0.7069
0.9999
0.7073
0.0003
-0.7069
-0.9999
-0.7073
-0.0003
0.7069
0.9999
0.7073
0.0003
-0.7069
-0.9999
-0.7073
-0.0003
0.7069
0.9999
0.7073
0.0003
-0.7069
-0.9999
-0.7073
-0.0003
0.7069
0.9999
0.7073
0.0003
-0.7069
-0.9999
-0.7073
-0.0003
0.7069
0.9999
0.7073
0.0003
-0.7069
-0.9999
-0.7073
-0.0003
0.7069
0.9999
0.7073
0.0003
-0.7069
-0.9999
-0.7073
-0.0003
0.7069
0.9999
0.7073
0.0003
-0.7069
-0.9999
-0.7073
-0.0003
0.7069
0.9999
0.7073
0.0003
-0.7069
-0.9999
-0.7073
-0.0003
0.7069
0.9999
0.7073
0.0003
-0.7069
-0.9999
-0.7073
-0.0003
0.7069
0.9999
0.7073
0.0003
-0.7069
-0.9999
-0.7073
-0.0003
0.7069
0.9999
0.7073
0.0003
-0.7069
-0.9999
-0.7073
-0.0003
0.7069
0.9999
0.7073
0.0003
-0.7069
-0.9999
-0.7073
-0.0003
0.7069
0.9999
0.7073
0.0003
-0.7069
-0.9999
-0.7073
-0.0003
0.7069
0.9999
0.7073
0.0003
-0.7069
-0.9999
-0.7073
-0.0003
0.7069
0.9999
0.7073
0.0003
-0.7069
-0.9999
-0.7073
-0.0003
0.7069
0.9999
0.7073
0.0003
-0.7069
-0.9999
-0.7073
-0.0003
0.7069
0.9999
0.7073
0.0003
-0.7069
-0.9999
-0.7073
-0.0003
0.7069
0.9999
0.7073
0.0003
-0.7069
-0.9999
-0.7073
-0.0003
0.7069
0.9999
0.7073
0.0003
-0.7069
-0.9999
-0.7073
-0.0003
0.7069
0.9999
0.7073
0.0003
-0.7069
-0.9999
-0.7073
-0.0003
0.7069
0.9999
0.7073
0.0003
-0.7069
-0.9999
-0.7073
-0.0003
0.7069
0.9999
0.7073
0.0003
-0.7069
-0.9999
-0.7073
-0.0003
0.7069
0.9999
0.7073
0.0003
-0.7069
-0.9999
-0.7073
-0.0004
0.7068
0.9999
0.7074
0.0004
-0.7068
-0.9999
-0.7074
